*Nodes
0.000833,0.015861,0.0
0.004163,0.015861,0.0
0.007493,0.015861,0.0
0.010823,0.015861,0.0
0.014153,0.015861,0.0
0.017483,0.015861,0.0
0.020813,0.015861,0.0
0.024143,0.015861,0.0
0.027473,0.015861,0.0
0.030803,0.015861,0.0
0.034133,0.015861,0.0
0.037463,0.015861,0.0
0.040793,0.015861,0.0
0.044123,0.015861,0.0
0.047453,0.015861,0.0
0.050783,0.015861,0.0
0.054113,0.015861,0.0
0.057443,0.015861,0.0
0.060773,0.015861,0.0
0.064102,0.015861,0.0
0.067432,0.015861,0.0
0.070763,0.015861,0.0
0.074093,0.015861,0.0
0.077423,0.015861,0.0
0.080753,0.015861,0.0
0.084083,0.015861,0.0
0.087413,0.015861,0.0
0.090743,0.015861,0.0
0.094073,0.015861,0.0
0.097403,0.015861,0.0
0.100733,0.015861,0.0
*Edges
1,2
2,3
3,4
4,5
5,6
6,7
7,8
8,9
9,10
10,11
11,12
12,13
13,14
14,15
15,16
16,17
17,18
18,19
19,20
20,21
21,22
22,23
23,24
24,25
25,26
26,27
27,28
28,29
29,30
30,31
